output.asc
NCOLS          81        
NROWS          10        
XLLCENTER      24.97     
YLLCENTER      39.31     
DX             0.20      
DY             0.20      
NODATA_VALUE   -999.00   
[rows 0 to 9 of 10, columns 0 to 80 of 81]
4.37 4.37 4.37 4.37 4.37 4.37 4.37 4.37 4.37 4.37 4.37 4.37 4.37 4.37 4.37 4.37 4.37 4.37 4.37 4.37 4.37 4.37 4.37 4.37 4.37 4.37 4.37 4.37 4.37 4.37 4.36 4.36 4.36 4.37 4.37 4.36 4.36 4.35 4.34 4.34 4.33 4.33 4.33 4.33 4.32 4.32 4.33 4.33 4.33 4.33 4.33 4.33 4.34 4.34 4.34 4.34 4.34 4.34 4.35 4.35 4.36 4.36 4.37 4.38 4.39 4.40 4.41 4.42 4.43 4.44 4.46 4.47 4.50 4.50 4.49 4.48 4.47 4.48 4.49 4.50 4.50
4.37 4.37 4.37 4.37 4.37 4.37 4.37 4.37 4.37 4.37 4.37 4.37 4.37 4.37 4.37 4.37 4.37 4.37 4.37 4.37 4.37 4.37 4.37 4.37 4.37 4.37 4.37 4.37 4.37 4.37 4.36 4.36 4.36 4.37 4.36 4.36 4.35 4.35 4.34 4.33 4.33 4.33 4.32 4.32 4.32 4.32 4.32 4.33 4.33 4.33 4.33 4.33 4.33 4.33 4.33 4.33 4.33 4.34 4.34 4.34 4.35 4.36 4.36 4.37 4.38 4.39 4.40 4.42 4.43 4.44 4.46 4.47 4.50 4.51 4.49 4.47 4.46 4.48 4.50 4.50 4.51
4.37 4.37 4.37 4.37 4.37 4.37 4.37 4.37 4.37 4.37 4.37 4.37 4.37 4.37 4.37 4.37 4.37 4.37 4.37 4.37 4.37 4.37 4.37 4.37 4.37 4.37 4.37 4.37 4.37 4.37 4.36 4.36 4.36 4.36 4.36 4.36 4.35 4.34 4.34 4.33 4.33 4.32 4.32 4.32 4.32 4.32 4.32 4.32 4.32 4.32 4.32 4.32 4.32 4.32 4.32 4.32 4.33 4.33 4.33 4.34 4.34 4.35 4.36 4.36 4.37 4.39 4.40 4.41 4.43 4.44 4.46 4.47 4.49 4.51 4.49 4.46 4.47 4.48 4.50 4.51 4.52
4.37 4.37 4.37 4.37 4.37 4.37 4.37 4.37 4.37 4.37 4.37 4.37 4.37 4.37 4.37 4.37 4.37 4.37 4.37 4.37 4.37 4.37 4.37 4.37 4.37 4.37 4.37 4.37 4.37 4.37 4.36 4.36 4.36 4.36 4.36 4.35 4.34 4.34 4.33 4.33 4.32 4.32 4.32 4.32 4.32 4.32 4.32 4.32 4.32 4.32 4.32 4.32 4.31 4.31 4.31 4.32 4.32 4.32 4.32 4.33 4.33 4.34 4.35 4.36 4.37 4.38 4.39 4.41 4.43 4.44 4.46 4.48 4.50 4.52 4.51 4.49 4.49 4.49 4.51 4.52 4.53
4.37 4.37 4.37 4.37 4.37 4.37 4.37 4.37 4.37 4.37 4.37 4.37 4.37 4.37 4.37 4.37 4.37 4.37 4.37 4.37 4.37 4.37 4.37 4.37 4.37 4.37 4.37 4.37 4.37 4.37 4.36 4.36 4.36 4.36 4.36 4.35 4.34 4.34 4.33 4.33 4.32 4.32 4.32 4.32 4.32 4.32 4.32 4.32 4.31 4.31 4.31 4.31 4.31 4.31 4.31 4.31 4.31 4.31 4.31 4.32 4.33 4.33 4.34 4.35 4.36 4.38 4.39 4.41 4.42 4.44 4.47 4.49 4.52 4.56 4.56 4.54 4.51 4.51 4.52 4.53 4.55
4.37 4.37 4.37 4.37 4.37 4.37 4.37 4.37 4.37 4.37 4.37 4.37 4.37 4.37 4.37 4.37 4.37 4.37 4.37 4.37 4.37 4.37 4.37 4.37 4.37 4.37 4.37 4.37 4.37 4.37 4.36 4.36 4.36 4.36 4.35 4.35 4.34 4.33 4.33 4.32 4.32 4.32 4.32 4.32 4.32 4.32 4.31 4.31 4.31 4.30 4.30 4.30 4.30 4.30 4.30 4.30 4.30 4.30 4.31 4.31 4.32 4.32 4.33 4.34 4.36 4.37 4.39 4.40 4.42 4.44 4.47 4.49 4.53 4.57 4.59 4.56 4.53 4.53 4.54 4.55 4.57
4.37 4.37 4.37 4.37 4.37 4.37 4.37 4.37 4.37 4.37 4.37 4.37 4.37 4.37 4.37 4.37 4.37 4.37 4.37 4.37 4.37 4.37 4.37 4.37 4.37 4.37 4.37 4.37 4.37 4.37 4.36 4.36 4.36 4.36 4.35 4.34 4.34 4.33 4.32 4.32 4.32 4.32 4.32 4.31 4.31 4.31 4.31 4.30 4.30 4.30 4.29 4.29 4.29 4.29 4.29 4.29 4.29 4.29 4.30 4.30 4.31 4.32 4.33 4.34 4.35 4.36 4.38 4.40 4.42 4.44 4.47 4.50 4.53 4.58 4.59 4.54 4.54 4.54 4.56 4.57 4.59
4.37 4.37 4.37 4.37 4.37 4.37 4.37 4.37 4.37 4.37 4.37 4.37 4.37 4.37 4.37 4.37 4.37 4.37 4.37 4.37 4.37 4.37 4.37 4.37 4.37 4.37 4.37 4.37 4.37 4.37 4.36 4.36 4.36 4.35 4.35 4.34 4.33 4.33 4.32 4.32 4.32 4.31 4.31 4.31 4.31 4.31 4.30 4.30 4.29 4.29 4.29 4.28 4.28 4.28 4.28 4.28 4.28 4.29 4.29 4.30 4.30 4.31 4.32 4.33 4.34 4.36 4.37 4.39 4.41 4.44 4.47 4.51 4.55 4.61 4.62 4.55 4.54 4.56 4.58 4.60 4.61
4.37 4.37 4.37 4.37 4.37 4.37 4.37 4.37 4.37 4.37 4.37 4.37 4.37 4.37 4.37 4.37 4.37 4.37 4.37 4.37 4.37 4.37 4.37 4.37 4.37 4.37 4.37 4.37 4.37 4.37 4.36 4.36 4.36 4.35 4.34 4.34 4.33 4.32 4.32 4.32 4.31 4.31 4.31 4.31 4.31 4.30 4.30 4.29 4.29 4.28 4.28 4.28 4.28 4.27 4.27 4.27 4.28 4.28 4.28 4.29 4.30 4.30 4.31 4.32 4.34 4.35 4.37 4.38 4.40 4.43 4.46 4.50 4.56 4.62 4.66 4.59 4.57 4.58 4.60 4.62 4.63
4.37 4.37 4.37 4.37 4.37 4.37 4.37 4.37 4.37 4.37 4.37 4.37 4.37 4.37 4.37 4.37 4.37 4.37 4.37 4.37 4.37 4.37 4.37 4.37 4.37 4.37 4.37 4.37 4.37 4.37 4.36 4.36 4.36 4.35 4.34 4.33 4.33 4.32 4.32 4.32 4.31 4.31 4.31 4.31 4.30 4.29 4.29 4.28 4.28 4.28 4.27 4.27 4.27 4.27 4.27 4.27 4.27 4.27 4.28 4.28 4.29 4.30 4.31 4.32 4.33 4.34 4.35 4.37 4.39 4.41 4.44 4.48 4.53 4.59 4.61 4.59 4.59 4.61 4.63 4.65 4.66
